tree
version=v4
num_class=1
num_tree_per_iteration=1
label_index=0
max_feature_idx=43
objective=binary sigmoid:1
feature_names=RSI RSI_7 RSI_Change3 ADX DMP DMN DI_Diff MACD_Hist_ATR MACD_Hist_Change MACD_Signal_Gap BB_Pct BB_Width StochRSI_K StochRSI_D StochRSI_KD_Diff ROC EMA_Gap_Pct Close_vs_EMA50 Close_vs_EMA200 EMA_Fast_Slope EMA_Slow_Slope EMA_Align_Bars Body_Ratio Upper_Wick_Ratio Lower_Wick_Ratio Candle_Direction Price_Position_20 ATR_Pct ATR_Ratio Volume_Z_Score Volume_Trend ADX_Persistence ADX_Slope H1_EMA_Trend H4_EMA_Trend D1_Close_vs_EMA200 Sin_Hour Cos_Hour Sin_DayOfWeek Cos_DayOfWeek BB_Width_Ratio MACD_Hist_Slope RSI_Slope EMA9_Slope_Pct
feature_infos=[30.000129461002047:54.509626597740457] [8.7701816685836391:65.316344872967463] [-45.769342577317055:37.210822879714179] [22.002563525533127:58.358186753366432] [3.8891979205998908:48.937722041950757] [8.8885487237428844:65.079368207302934] [-0.8211360775621469:0.45141705639908947] [-1.5038902213741203:-2.351484910102059e-05] [-0.29586481866813152:0.37686339368558852] [-1.5038902213741203:-2.351484910102059e-05] [-0.44567257157086143:0.66311700447386679] [0.0011418695557250844:0.051516340519144957] [0:88.176746635681965] [0:88.879907638492753] [-20.000000000000163:19.999999999999943] [-3.5081270365958317:0.45876656877530397] [-0.011023924849499147:-9.6236933641965184e-08] [-0.031688526945504988:0.002102952124500171] [-0.038545148470299218:0.037765000274698673] [-2.8530304244744062:0.46906361278834358] [-1.4998739297429398:0.094186654203547132] [-50:-1] [0:1] [0:1] [0:1] [-1:1] [0:0.87169082125601471] [0.00050059131615169553:0.0088127827704273347] [0.70097797924853167:2.3034309032753142] [-3.7939968472210612:4.0528531434071748] [-0.78255122273628552:3.1052284999341504] [2:5] [-10.596136501800736:10.478998918495005] [-1:1] [-1:1] [-0.038545148470299218:0.037765000274698673] [-1:1] [-1:1] [-0.43388373911755801:0.97492791218182362] [-0.90096886790241903:1] [0.15462775719194768:4.8698458790911792] [-78.672370460658854:19.903091231724268] [-45.290418870709715:33.375708972286134] [-0.022378965589522824:0.0037414415820034332]
tree_sizes=1770 1816 1817 1822

Tree=0
num_leaves=16
num_cat=0
split_feature=42 4 11 0 40 38 13 19 40 18 12 37 27 27 24
split_gain=69.0276 45.7259 32.4304 50.929 37.8261 37.5102 40.2407 30.3893 28.0747 31.9749 23.8396 22.0909 44.3495 19.973 17.1059
threshold=-19.34344715616314 8.3478263775957426 0.0052905418184461912 41.701300675259354 1.3146299516137241 -1.0000000180025095e-35 31.03616584699579 -1.0338531025060749 0.4756904782249492 0.0054947706545278854 55.908971382748241 0.44228869021900119 0.0016700080335891334 0.00094361932642246949 0.21967213114753506
decision_type=2 2 2 2 2 2 2 2 2 2 2 2 2 2 2
left_child=-1 -2 8 4 11 14 7 -7 13 10 -10 12 -4 -3 -6
right_child=1 2 3 -5 5 6 -8 -9 9 -11 -12 -13 -14 -15 -16
leaf_value=-1.0431468040270078 -1.1413599267049772 -1.1302290036921918 -1.1275405178065776 -1.1383101103838387 -1.1394839040624838 -1.0437206867632025 -1.0328364132428243 -1.1030058565961216 -1.0583967279024609 -1.1112573151363796 -1.0151057648540556 -1.128821857867782 -1.0486779301159945 -1.0631545583259252 -1.0717666666872259
leaf_weight=68.026520192623138 9.5071486830711347 8.7694343328475934 11.570854485034944 14.171271204948424 8.0169867873191816 12.590604841709128 32.161607623100281 20.570758640766151 75.261593043804169 8.9704377651214582 13.938696086406706 16.234977006912231 14.088133335113524 7.1298351883888236 5.6249400973319998
leaf_count=200 49 43 56 72 41 37 87 88 247 40 32 79 43 24 20
internal_value=-1.07008 -1.0772 -1.07473 -1.08477 -1.07845 -1.06622 -1.05679 -1.08027 -1.06292 -1.05692 -1.0515 -1.10161 -1.08428 -1.10022 -1.11169
internal_weight=326.634 258.607 249.1 135.03 120.859 78.9649 65.323 33.1614 114.07 98.1707 89.2003 41.894 25.659 15.8993 13.6419
internal_count=1158 958 909 523 451 273 212 125 386 319 279 178 99 67 61
is_linear=0
shrinkage=1


Tree=1
num_leaves=16
num_cat=0
split_feature=42 4 38 21 12 11 5 4 20 37 26 1 21 12 13
split_gain=60.3814 42.4921 30.5917 31.9189 31.1223 31.264 45.597 32.6554 28.6428 23.9248 28.5305 25.081 23.1671 33.0437 19.3114
threshold=-19.34344715616314 8.0538793152700716 1.0000000180025095e-35 -13.499999999999998 4.6197826699055886 0.0052456483615626387 35.888067733091653 15.281492413783495 -0.31499964117455354 -0.72947329433276253 0.20966033914833357 25.736115412019782 -18.499999999999996 44.947013199288712 30.200278882387746
decision_type=2 2 2 2 2 2 2 2 2 2 2 2 2 2 2
left_child=-1 -2 9 12 -5 7 14 8 -6 -3 11 -11 13 -4 -7
right_child=1 2 3 4 5 6 -8 -9 -10 10 -12 -13 -14 -15 -16
leaf_value=0.064271161427260096 -0.038622503348991914 0.041581738653730632 0.063789672176569098 0.065396463659628479 0.042555915957417187 -0.026900963180983437 0.064906787899096541 0.069775051896995594 -0.028041511930045556 0.023636040535544856 0.038444113485408313 -0.027268818560320391 0.075018654455630218 -0.0043569224874480308 0.018306558221427911
leaf_weight=70.360261470079422 7.1554280519485465 29.996101766824722 16.544873133301738 20.631744548678398 14.210313841700556 21.358713671565056 9.4364615529775602 20.606186985969543 7.963794916868209 14.215560138225554 18.465464949607849 22.054284811019897 36.222648724913597 10.260563492774962 13.925503849983214
leaf_count=200 39 103 48 60 48 108 27 57 40 55 65 112 95 46 55
internal_value=0.0395378 0.0328888 0.0349145 0.0422304 0.032226 0.0243048 0.00665942 0.042622 0.0170542 0.0200683 0.00816946 -0.00722461 0.0592685 0.0376738 -0.00897297
internal_weight=333.408 263.048 255.892 171.161 108.133 87.501 44.7207 42.7803 22.1741 84.7314 54.7353 36.2698 63.0281 26.8054 35.2842
internal_count=1158 958 919 584 395 335 190 145 88 335 232 167 189 94 163
is_linear=0
shrinkage=0.03


Tree=2
num_leaves=16
num_cat=0
split_feature=42 12 18 27 1 24 27 16 42 23 3 7 13 32 16
split_gain=54.2345 44.6158 27.912 32.517 24.9064 22.3896 24.8158 21.3661 19.7165 29.7792 19.0561 18.6001 31.6912 22.9679 21.4061
threshold=-13.259695243852045 56.850711783492422 -0.011560591189426097 0.002090634104396083 25.736115412019782 0.1545384214236126 0.0018692590904028008 -0.0013642459358974566 1.8990693830905701 0.037346970401393009 27.671069617546149 -0.29874020345599123 20.684115884408588 3.4222789745663929 -0.000532357212639871
decision_type=2 2 2 2 2 2 2 2 2 2 2 2 2 2 2
left_child=4 2 -2 7 -1 -6 -7 -4 9 -9 -3 13 -13 -11 -14
right_child=1 10 3 -5 5 6 -8 8 -10 11 -12 12 14 -15 -16
leaf_value=0.062699088978354689 0.052608942793945013 0.076361700901086849 -0.038560995220993842 -0.016421183158362079 0.0057342316981211653 0.06360935254935815 0.015346479503727365 -0.030004471617351876 0.062235945434749848 0.020139853626940509 0.031355415608340549 -0.021604089463857321 0.0086291589459251816 0.072422369031931694 0.049713175087000704
leaf_weight=81.658994719386101 21.41593325138092 20.868925303220749 4.8613893240690222 23.332047358155251 15.596909284591673 29.536423578858376 14.561860978603361 9.3558357805013639 11.441186428070067 16.438725233077999 15.067849963903425 14.969995275139814 24.044924184679978 14.425750464200972 22.087374776601798
leaf_count=226 66 51 26 112 64 81 57 47 33 63 53 73 99 38 69
internal_value=0.0376304 0.0274536 0.0207065 0.0158044 0.051857 0.0368955 0.0478109 0.0222306 0.0249098 0.0206082 0.0577137 0.0258167 0.0161069 0.044828 0.0284294
internal_weight=339.664 198.31 162.373 140.957 141.354 59.6952 44.0983 117.625 112.764 101.323 35.9368 91.9668 61.1023 30.8645 46.1323
internal_count=1158 730 626 560 428 202 138 448 422 389 104 342 241 101 168
is_linear=0
shrinkage=0.03


Tree=3
num_leaves=16
num_cat=0
split_feature=4 19 11 11 0 30 9 4 4 43 27 20 43 12 4
split_gain=42.0065 38.9943 54.2359 33.9312 30.9067 24.5027 33.0225 30.0505 19.9518 18.6865 27.3911 20.3944 22.208 16.7367 16.5691
threshold=9.278705914902778 -0.98618208295361198 0.0053274064593201434 0.0058221066919868173 42.199634201984814 0.42632753974707965 -0.24970047450416186 16.706432520629455 16.472432229835466 -0.0020919904309688151 0.0035516350879648676 -0.4008355538179551 -0.0041203425232157502 44.696368886925121 14.06394512113568
decision_type=2 2 2 2 2 2 2 2 2 2 2 2 2 2 2
left_child=-1 8 5 -4 9 13 -7 -8 -2 10 11 12 -5 14 -3
right_child=1 2 3 4 -6 6 7 -9 -10 -11 -12 -13 -14 -15 -16
leaf_value=-0.0023188193271450391 0.063618082566070738 0.029351957130714441 -0.031842749926794249 -0.018566476895766595 -0.023467397136722964 0.051288854574060551 -0.04023777981130694 0.038300644692792797 0.025908088690918155 0.046065161386493553 0.06056205780667382 -0.021537616099954818 0.03845675354677322 0.074896696343045729 0.060922334083634996
leaf_weight=23.960827097296715 67.466995790600777 29.688563764095306 11.276935547590254 8.5848610252141899 11.394720628857611 20.553987503051758 9.5840436071157473 7.8983629196882239 16.133101642131805 34.431386232376099 10.680241718888281 14.721802875399595 20.637682422995567 26.493958920240402 31.987686634063721
leaf_count=105 176 104 57 41 57 60 49 25 56 108 30 71 70 62 87
internal_value=0.0358739 0.0387292 0.032481 0.0171923 0.0227532 0.0459676 0.0255923 -0.00456831 0.0564163 0.0287204 0.0176685 0.00706175 0.0215962 0.0546845 0.0458462
internal_weight=345.495 321.534 237.934 111.728 100.451 126.207 38.0364 17.4824 83.6001 89.056 54.6246 43.9443 29.2225 88.1702 61.6763
internal_count=1158 1053 821 434 377 387 134 74 232 320 212 182 111 253 191
is_linear=0
shrinkage=0.03


end of trees

feature_importances:
DMP=7
StochRSI_K=5
ATR_Pct=5
BB_Width=4
RSI_Slope=4
StochRSI_D=3
RSI=2
RSI_7=2
EMA_Gap_Pct=2
Close_vs_EMA200=2
EMA_Fast_Slope=2
EMA_Slow_Slope=2
EMA_Align_Bars=2
Lower_Wick_Ratio=2
Cos_Hour=2
Sin_DayOfWeek=2
BB_Width_Ratio=2
EMA9_Slope_Pct=2
ADX=1
DMN=1
MACD_Hist_ATR=1
MACD_Signal_Gap=1
Upper_Wick_Ratio=1
Price_Position_20=1
Volume_Trend=1
ADX_Slope=1

parameters:
[boosting: gbdt]
[objective: binary]
[metric: binary_logloss]
[tree_learner: serial]
[device_type: cpu]
[data_sample_strategy: bagging]
[data: ]
[valid: ]
[num_iterations: 500]
[learning_rate: 0.03]
[num_leaves: 16]
[num_threads: -1]
[seed: 0]
[deterministic: 0]
[force_col_wise: 0]
[force_row_wise: 0]
[histogram_pool_size: -1]
[max_depth: -1]
[min_data_in_leaf: 30]
[min_sum_hessian_in_leaf: 0.001]
[bagging_fraction: 0.8]
[pos_bagging_fraction: 1]
[neg_bagging_fraction: 1]
[bagging_freq: 5]
[bagging_seed: 3]
[bagging_by_query: 0]
[feature_fraction: 0.7]
[feature_fraction_bynode: 1]
[feature_fraction_seed: 2]
[extra_trees: 0]
[extra_seed: 6]
[early_stopping_round: 0]
[early_stopping_min_delta: 0]
[first_metric_only: 0]
[max_delta_step: 0]
[lambda_l1: 0.1]
[lambda_l2: 0.1]
[linear_lambda: 0]
[min_gain_to_split: 0]
[drop_rate: 0.1]
[max_drop: 50]
[skip_drop: 0.5]
[xgboost_dart_mode: 0]
[uniform_drop: 0]
[drop_seed: 4]
[top_rate: 0.2]
[other_rate: 0.1]
[min_data_per_group: 100]
[max_cat_threshold: 32]
[cat_l2: 10]
[cat_smooth: 10]
[max_cat_to_onehot: 4]
[top_k: 20]
[monotone_constraints: ]
[monotone_constraints_method: basic]
[monotone_penalty: 0]
[feature_contri: ]
[forcedsplits_filename: ]
[refit_decay_rate: 0.9]
[cegb_tradeoff: 1]
[cegb_penalty_split: 0]
[cegb_penalty_feature_lazy: ]
[cegb_penalty_feature_coupled: ]
[path_smooth: 0]
[interaction_constraints: ]
[verbosity: -1]
[saved_feature_importance_type: 0]
[use_quantized_grad: 0]
[num_grad_quant_bins: 4]
[quant_train_renew_leaf: 0]
[stochastic_rounding: 1]
[linear_tree: 0]
[max_bin: 255]
[max_bin_by_feature: ]
[min_data_in_bin: 3]
[bin_construct_sample_cnt: 200000]
[data_random_seed: 1]
[is_enable_sparse: 1]
[enable_bundle: 1]
[use_missing: 1]
[zero_as_missing: 0]
[feature_pre_filter: 1]
[pre_partition: 0]
[two_round: 0]
[header: 0]
[label_column: ]
[weight_column: ]
[group_column: ]
[ignore_column: ]
[categorical_feature: ]
[forcedbins_filename: ]
[precise_float_parser: 0]
[parser_config_file: ]
[objective_seed: 5]
[num_class: 1]
[is_unbalance: 0]
[scale_pos_weight: 3.03955]
[sigmoid: 1]
[boost_from_average: 1]
[reg_sqrt: 0]
[alpha: 0.9]
[fair_c: 1]
[poisson_max_delta_step: 0.7]
[tweedie_variance_power: 1.5]
[lambdarank_truncation_level: 30]
[lambdarank_norm: 1]
[label_gain: ]
[lambdarank_position_bias_regularization: 0]
[eval_at: ]
[multi_error_top_k: 1]
[auc_mu_weights: ]
[num_machines: 1]
[local_listen_port: 12400]
[time_out: 120]
[machine_list_filename: ]
[machines: ]
[gpu_platform_id: -1]
[gpu_device_id: -1]
[gpu_use_dp: 0]
[num_gpu: 1]

end of parameters

pandas_categorical:[]
