tree
version=v4
num_class=1
num_tree_per_iteration=1
label_index=0
max_feature_idx=43
objective=binary sigmoid:1
feature_names=RSI RSI_7 RSI_Change3 ADX DMP DMN DI_Diff MACD_Hist_ATR MACD_Hist_Change MACD_Signal_Gap BB_Pct BB_Width StochRSI_K StochRSI_D StochRSI_KD_Diff ROC EMA_Gap_Pct Close_vs_EMA50 Close_vs_EMA200 EMA_Fast_Slope EMA_Slow_Slope EMA_Align_Bars Body_Ratio Upper_Wick_Ratio Lower_Wick_Ratio Candle_Direction Price_Position_20 ATR_Pct ATR_Ratio Volume_Z_Score Volume_Trend ADX_Persistence ADX_Slope H1_EMA_Trend H4_EMA_Trend D1_Close_vs_EMA200 Sin_Hour Cos_Hour Sin_DayOfWeek Cos_DayOfWeek BB_Width_Ratio MACD_Hist_Slope RSI_Slope EMA9_Slope_Pct
feature_infos=[45.962132527133505:69.990263720641451] [38.280344920805554:89.466188155189201] [-31.310948890114425:38.821100956606955] [22.007454825031946:56.15360205179924] [9.7202267107271094:66.763322535328442] [3.3807201673389984:42.951522476437972] [-0.45321301056143393:0.77839424771402954] [0.0019131758106056519:1.5964864101349869] [-0.19278606283394878:0.26273309110901982] [0.0019131758106056519:1.5964864101349869] [0.28971929926193624:1.4105660761600947] [0.0013065946604807672:0.055634129437260482] [18.703863150498119:100] [16.309412880497622:100] [-16.515117406238431:20] [-0.42058268906761676:3.3985495529484933] [1.4566988794337175e-06:0.0077287468289299246] [-0.003878570237637552:0.020590245900527167] [-0.057590274805152802:0.030732589337706378] [-0.30417535519447525:3.4017563682154099] [-0.037529660497623331:1.3882151533543572] [1:50] [0:1] [0:1] [0:1] [-1:1] [0.19949748743718043:1] [0.0005001966610191029:0.0097999079917678849] [0.62077526498205537:2.4149790026523563] [-4.0198388889658503:4.1511412093772435] [-0.83407789592902537:2.6421361120156299] none [-9.3166977992584989:7.6367445383958525] [-1:1] [-1:1] [-0.057590274805152802:0.030732589337706378] [-1:1] [-1:1] [-0.43388373911755801:0.97492791218182362] [-0.90096886790241903:1] [0.16706858490920048:4.1223994031887443] [-23.926129560444707:36.611614960842601] [-27.892949153950518:47.408477676001482] [-0.0024358324325142598:0.022278776081385]
tree_sizes=1801 1810 1828 1820

Tree=0
num_leaves=16
num_cat=0
split_feature=14 4 35 5 3 12 11 35 41 40 3 10 2 39 27
split_gain=29.2788 31.8881 20.7577 30.9851 29.4927 25.6547 25.4904 26.3293 21.9727 19.1134 17.3349 14.8453 13.8062 12.9067 12.7435
threshold=13.493592344508533 33.700159854018956 0.0030285693885300185 11.851289701497222 25.735288885733834 81.91952386566561 0.0034061703368105903 -0.0062192531306239094 -0.81392777596722288 0.95729049072083738 29.461843261978643 0.86540852350070285 6.7270861750986386 -0.56174490092936658 0.0016738688721271283
decision_type=2 2 2 2 2 2 2 2 2 2 2 2 2 2 2
left_child=1 2 4 10 5 -1 -6 -8 -5 -10 -4 -7 -13 -2 -11
right_child=13 -3 3 8 6 11 7 -9 9 14 -12 12 -14 -15 -16
leaf_value=-0.7928761746506523 -0.77207813563930516 -0.73756973020991257 -0.81690876836274939 -0.79316041722848862 -0.75749818256769907 -0.78485944947440456 -0.76366888627628615 -0.81300677513666142 -0.77337387660480694 -0.72426869651288994 -0.76258828787094157 -0.72628509481208026 -0.76449382925997145 -0.8196243261028151 -0.75344589513094462
leaf_weight=17.226294219493866 8.2951710820198077 34.454811751842499 11.076905250549318 9.4936960339546186 16.080024003982544 9.109011769294737 12.853568255901335 38.773059666156769 17.019498586654663 32.701496481895447 9.9306350350379926 21.771349549293518 14.873716473579405 13.008109152317045 24.98224014043808
leaf_count=67 29 99 48 37 52 34 43 165 60 86 33 58 50 57 79
internal_value=-0.767246 -0.764575 -0.768554 -0.758612 -0.776599 -0.761838 -0.790399 -0.800635 -0.750488 -0.74503 -0.791356 -0.750109 -0.741595 -0.800965 -0.736765
internal_weight=291.65 270.346 235.891 105.204 130.687 62.9804 67.7067 51.6266 84.1969 74.7032 21.0075 45.7541 36.6451 21.3033 57.6837
internal_count=997 911 812 343 469 209 260 208 262 225 81 142 108 86 165
is_linear=0
shrinkage=1


Tree=1
num_leaves=16
num_cat=0
split_feature=14 4 42 1 15 27 32 42 8 12 36 37 40 27 5
split_gain=27.1251 28.8511 15.7069 20.1375 18.5867 15.8888 15.5791 18.422 20.7801 14.2345 12.348 11.5042 13.7559 22.6139 10.3359
threshold=13.493592344508533 33.700159854018956 2.8658005231409054 60.040518629114409 0.076212778571882481 0.0014922116140409808 -4.8059598656447848 12.442255152692896 0.0097789127356484058 98.21113807405662 -0.097964660725097255 0.35206144883412549 1.5016168372429823 0.001200853826769347 19.037027020464254
decision_type=2 2 2 2 2 2 2 2 2 2 2 2 2 2 2
left_child=1 2 5 -4 -5 -1 9 8 -8 -6 -3 12 13 -9 -2
right_child=14 10 3 4 6 -7 7 11 -10 -11 -12 -13 -14 -15 -16
leaf_value=-0.015088678186109573 -0.026802922562316561 0.066360585085628171 0.067056745751871247 -0.030547804369149587 -0.020940887639260573 0.023439129928537899 0.006261860530697042 0.027391632806474185 0.041529274160567849 0.027215480393762561 0.029351608701719226 -0.018636054670145563 0.037766838564760957 -0.030009186989226874 0.015291905110504836
leaf_weight=18.656849294900894 12.300361499190332 20.847302615642548 10.059026002883909 5.4422559887170783 11.820747911930086 19.632818222045898 18.388059228658676 15.701444476842882 88.925941050052643 10.184020385146139 14.295098781585692 8.1041812598705274 20.949361115694046 10.019397407770155 8.9259583353996259
leaf_count=77 54 53 26 24 50 67 68 52 271 34 46 34 65 44 32
internal_value=0.0235538 0.0260958 0.0223076 0.025686 0.0234404 0.0045977 0.0250684 0.028283 0.0355257 0.00123292 0.0515173 0.0139997 0.0197587 0.00488568 -0.0089721
internal_weight=294.253 273.027 237.884 199.594 189.535 38.2897 184.093 162.088 107.314 22.0048 35.1424 54.7744 46.6702 25.7208 21.2263
internal_count=997 911 812 668 642 144 618 534 339 84 99 195 161 96 86
is_linear=0
shrinkage=0.03


Tree=2
num_leaves=16
num_cat=0
split_feature=18 41 40 18 36 38 11 27 26 3 8 36 11 23 11
split_gain=24.0773 29.0299 28.8839 17.8336 17.6734 16.5819 25.5304 34.1815 23.0595 17.9812 16.7076 14.1502 17.3563 14.4495 15.8098
threshold=0.0030285693885300185 6.8395731099291899 0.7169509082421196 0.011025986055401366 -0.93540483100319605 1.0000000180025095e-35 0.0041373698937693512 0.0021860044473557268 0.94241036088256547 26.043844537388598 0.031314437524785001 -0.35206144883412566 0.0078456862867410364 0.14153820815824314 0.004991669458625861
decision_type=2 2 2 2 2 2 2 2 2 2 2 2 2 2 2
left_child=1 5 -2 11 -3 6 -1 -8 10 -10 -7 13 -13 -4 -15
right_child=2 4 3 -5 -6 8 7 -9 9 -11 -12 12 -14 14 -16
leaf_value=0.055406535672667456 -0.011638284456205921 0.0083660500088479604 0.030089345145026827 0.0048738588168270626 -0.043120458257155783 0.011881051323614809 -0.0059357819344295036 0.05847434453182368 0.056185690744531294 0.0098489978592580067 -0.025291566051482386 0.038256903081068473 -0.017680808273956062 0.024586104577506162 0.063784581061710421
leaf_weight=24.460776388645172 12.40669111907482 12.573584318161013 35.417640343308449 14.815954223275183 11.200748160481451 27.124059841036797 22.700673803687096 10.853542000055311 13.714640915393831 17.124592825770378 17.994673565030098 13.513418272137644 7.7232449650764456 12.40004290640354 42.650506183505058
leaf_count=67 50 46 113 55 52 97 89 29 37 62 77 41 32 41 109
internal_value=0.0226564 0.014586 0.0317813 0.0360686 -0.015844 0.0200162 0.0321086 0.0149212 0.0107108 0.0306675 -0.00290128 0.0401712 0.0177856 0.0453675 0.0550702
internal_weight=296.675 157.747 138.927 126.521 23.7743 133.973 58.015 33.5542 75.958 30.8392 45.1187 111.705 21.2367 90.4682 55.0505
internal_count=997 556 441 391 98 458 185 118 273 99 174 336 73 263 150
is_linear=0
shrinkage=0.03


Tree=3
num_leaves=16
num_cat=0
split_feature=14 4 18 3 38 40 32 18 29 10 4 1 20 27 18
split_gain=24.6004 26.2719 17.2249 25.7376 27.875 23.6583 22.9527 19.0089 18.6957 21.6321 16.3829 12.7131 11.957 11.8267 11.5119
threshold=13.493592344508533 33.700159854018956 0.0030285693885300185 25.735288885733834 1.0000000180025095e-35 0.94998761250323549 -2.1133005189899019 0.010268229741743897 -0.71931193416964356 0.93729267102224834 23.235111811889318 72.074029140313939 0.36750986272258629 0.0011307189348715547 -0.0014394172919986348
decision_type=2 2 2 2 2 2 2 2 2 2 2 2 2 2 2
left_child=1 2 3 8 6 11 -5 -7 -1 12 14 -4 -10 -11 -6
right_child=-2 -3 5 4 10 7 -8 -9 9 13 -12 -13 -14 -15 -16
leaf_value=0.05527685881904558 -0.0091496458005204638 0.048149484705534741 0.016557270804052435 -0.0012037054783972515 0.026744640986345911 0.041463951774491935 0.052787614375024244 -0.0028547666975469953 -0.020674762552645467 0.0547721630627735 -0.031960676599826779 -0.033066470205177653 0.02591516269376529 0.014697950464371008 -0.023314170440386601
leaf_weight=15.760516583919523 21.265490904450417 35.998500168323517 15.200359791517259 15.472497597336771 10.227968648076059 77.10137252509594 12.805700480937956 9.6623571515083295 14.347920522093775 13.849083080887796 23.164816200733185 6.5657548010349265 7.4200743585824958 13.309428215026854 6.7551126182079306
leaf_count=42 86 99 53 59 34 224 35 37 60 37 103 29 24 46 29
internal_value=0.0218093 0.0241938 0.0205941 0.0133047 0.000428358 0.0294866 0.0232403 0.0364963 0.0268574 0.0175474 -0.0155825 0.00136829 -0.00461055 0.0353692 0.00663794
internal_weight=298.907 277.641 241.643 133.113 68.4261 108.53 28.2782 86.7637 64.687 48.9265 40.1479 21.7661 21.768 27.1585 16.9831
internal_count=997 911 812 469 260 343 94 261 209 167 166 82 84 83 63
is_linear=0
shrinkage=0.03


end of trees

feature_importances:
Close_vs_EMA200=5
ATR_Pct=5
ADX=4
DMP=4
BB_Width=4
BB_Width_Ratio=4
StochRSI_KD_Diff=3
Sin_Hour=3
RSI_7=2
DMN=2
MACD_Hist_Change=2
BB_Pct=2
StochRSI_K=2
ADX_Slope=2
D1_Close_vs_EMA200=2
Sin_DayOfWeek=2
MACD_Hist_Slope=2
RSI_Slope=2
RSI_Change3=1
ROC=1
EMA_Slow_Slope=1
Upper_Wick_Ratio=1
Price_Position_20=1
Volume_Z_Score=1
Cos_Hour=1
Cos_DayOfWeek=1

parameters:
[boosting: gbdt]
[objective: binary]
[metric: binary_logloss]
[tree_learner: serial]
[device_type: cpu]
[data_sample_strategy: bagging]
[data: ]
[valid: ]
[num_iterations: 500]
[learning_rate: 0.03]
[num_leaves: 16]
[num_threads: -1]
[seed: 0]
[deterministic: 0]
[force_col_wise: 0]
[force_row_wise: 0]
[histogram_pool_size: -1]
[max_depth: -1]
[min_data_in_leaf: 30]
[min_sum_hessian_in_leaf: 0.001]
[bagging_fraction: 0.8]
[pos_bagging_fraction: 1]
[neg_bagging_fraction: 1]
[bagging_freq: 5]
[bagging_seed: 3]
[bagging_by_query: 0]
[feature_fraction: 0.7]
[feature_fraction_bynode: 1]
[feature_fraction_seed: 2]
[extra_trees: 0]
[extra_seed: 6]
[early_stopping_round: 0]
[early_stopping_min_delta: 0]
[first_metric_only: 0]
[max_delta_step: 0]
[lambda_l1: 0.1]
[lambda_l2: 0.1]
[linear_lambda: 0]
[min_gain_to_split: 0]
[drop_rate: 0.1]
[max_drop: 50]
[skip_drop: 0.5]
[xgboost_dart_mode: 0]
[uniform_drop: 0]
[drop_seed: 4]
[top_rate: 0.2]
[other_rate: 0.1]
[min_data_per_group: 100]
[max_cat_threshold: 32]
[cat_l2: 10]
[cat_smooth: 10]
[max_cat_to_onehot: 4]
[top_k: 20]
[monotone_constraints: ]
[monotone_constraints_method: basic]
[monotone_penalty: 0]
[feature_contri: ]
[forcedsplits_filename: ]
[refit_decay_rate: 0.9]
[cegb_tradeoff: 1]
[cegb_penalty_split: 0]
[cegb_penalty_feature_lazy: ]
[cegb_penalty_feature_coupled: ]
[path_smooth: 0]
[interaction_constraints: ]
[verbosity: -1]
[saved_feature_importance_type: 0]
[use_quantized_grad: 0]
[num_grad_quant_bins: 4]
[quant_train_renew_leaf: 0]
[stochastic_rounding: 1]
[linear_tree: 0]
[max_bin: 255]
[max_bin_by_feature: ]
[min_data_in_bin: 3]
[bin_construct_sample_cnt: 200000]
[data_random_seed: 1]
[is_enable_sparse: 1]
[enable_bundle: 1]
[use_missing: 1]
[zero_as_missing: 0]
[feature_pre_filter: 1]
[pre_partition: 0]
[two_round: 0]
[header: 0]
[label_column: ]
[weight_column: ]
[group_column: ]
[ignore_column: ]
[categorical_feature: ]
[forcedbins_filename: ]
[precise_float_parser: 0]
[parser_config_file: ]
[objective_seed: 5]
[num_class: 1]
[is_unbalance: 0]
[scale_pos_weight: 2.20725]
[sigmoid: 1]
[boost_from_average: 1]
[reg_sqrt: 0]
[alpha: 0.9]
[fair_c: 1]
[poisson_max_delta_step: 0.7]
[tweedie_variance_power: 1.5]
[lambdarank_truncation_level: 30]
[lambdarank_norm: 1]
[label_gain: ]
[lambdarank_position_bias_regularization: 0]
[eval_at: ]
[multi_error_top_k: 1]
[auc_mu_weights: ]
[num_machines: 1]
[local_listen_port: 12400]
[time_out: 120]
[machine_list_filename: ]
[machines: ]
[gpu_platform_id: -1]
[gpu_device_id: -1]
[gpu_use_dp: 0]
[num_gpu: 1]

end of parameters

pandas_categorical:[]
